1024 8096
14 124
114 127
180 116
497 27
103 53
32 20
430 86
209 71
420 90
42 100
291 0
351 54
486 30
393 63
254 54
434 54
181 12
256 36
64 105
30 114
134 39
253 62
133 53
15 78
306 41
42 57
239 85
116 9
328 85
139 125
51 70
338 62
98 104
82 83
325 34
329 112
175 75
0 71
21 52
350 15
73 72
413 8
273 56
14 17
15 89
159 25
215 66
299 113
68 58
476 125
493 9
341 38
365 28
465 85
357 2
202 47
183 46
230 104
121 72
33 116
398 8
203 64
177 101
415 118
371 118
127 124
162 96
509 84
298 15
401 78
253 15
61 92
196 52
380 35
24 61
454 29
93 38
11 17
135 14
4 43
295 122
346 4
88 73
472 87
293 2
17 105
453 34
470 78
370 9
455 82
239 10
304 13
30 76
91 59
230 37
159 95
227 13
470 121
337 60
190 46
280 118
153 80
286 93
359 111
450 16
26 46
187 49
510 74
134 89
382 89
184 108
378 29
22 28
216 80
255 103
478 22
102 23
244 119
230 5
21 91
393 40
346 48
378 68
285 88
433 0
365 27
184 105
5 103
55 79
54 93
116 54
333 20
139 90
95 66
157 114
26 117
165 39
107 116
204 31
32 9
36 125
231 13
116 93
428 108
458 43
482 98
503 62
280 47
369 2
500 120
493 15
54 15
387 18
177 33
42 80
205 81
94 79
300 52
161 82
382 88
186 107
169 96
143 49
308 65
313 1
16 40
311 38
440 70
231 59
267 106
315 18
353 88
397 26
108 13
357 46
153 106
330 31
209 66
259 90
475 5
301 61
355 107
49 101
288 28
390 24
42 43
3 65
91 11
24 16
446 72
178 125
413 87
409 125
471 110
115 29
218 50
413 32
5 61
345 78
230 37
336 95
417 17
156 84
228 124
196 53
50 35
250 119
372 79
61 20
305 75
253 48
81 11
72 26
104 86
380 34
129 78
95 76
32 34
31 124
433 5
424 99
90 99
435 34
310 78
281 112
161 103
114 22
176 114
328 59
93 24
103 68
401 94
257 70
450 49
182 32
3 115
343 94
257 94
44 10
250 55
159 70
348 27
141 17
460 13
293 86
154 41
264 12
83 43
477 9
297 21
393 19
242 44
394 96
490 115
42 55
253 100
128 73
475 89
102 13
227 39
465 12
280 126
425 89
226 107
385 6
26 11
311 10
490 12
255 66
121 84
184 41
499 118
463 56
70 78
373 54
450 41
167 70
31 90
70 81
471 1
268 71
209 113
253 68
262 59
143 124
294 127
245 71
128 25
231 68
250 70
495 92
419 60
407 23
232 66
196 93
420 63
177 80
20 117
304 46
427 26
153 63
262 81
490 14
83 6
76 81
301 77
10 60
211 80
147 33
382 59
122 87
295 34
407 43
218 60
86 71
134 5
342 112
126 12
275 64
17 81
31 95
411 62
15 41
458 110
41 34
505 72
106 36
463 32
92 1
200 41
302 51
419 78
218 4
452 33
243 109
333 85
276 18
315 104
343 35
453 5
77 0
36 62
222 55
184 116
157 59
494 0
206 76
80 17
434 40
406 21
490 37
439 99
459 126
33 114
503 34
163 102
420 68
251 71
187 3
446 51
307 89
293 44
317 1
426 117
394 111
405 64
35 117
115 76
63 110
273 21
123 54
123 52
123 32
163 118
298 55
144 97
13 93
95 53
298 74
57 9
329 53
42 78
283 108
346 29
306 90
400 107
31 46
462 11
386 27
466 113
210 44
265 98
23 95
41 104
369 65
502 98
49 58
38 32
190 76
166 1
492 112
414 54
66 12
167 108
477 68
112 121
219 47
398 121
226 114
51 55
26 83
270 42
74 75
407 52
181 8
249 61
115 34
174 23
4 53
121 85
462 97
145 105
99 41
411 31
471 69
408 78
504 113
60 38
475 67
331 83
16 16
306 68
220 3
313 96
309 96
193 50
156 3
428 82
370 127
68 71
278 73
314 92
131 14
337 118
329 94
238 29
225 89
476 33
1 61
157 21
200 55
58 95
177 100
99 103
302 35
364 39
131 68
339 38
28 6
356 36
321 101
190 83
116 35
480 27
432 117
428 126
477 120
476 103
462 14
178 63
230 124
321 30
197 106
112 20
312 97
71 85
40 122
157 5
416 28
273 125
251 81
457 62
165 88
359 38
485 115
367 25
55 76
54 48
324 124
478 38
123 125
247 37
298 35
319 20
17 75
28 81
271 13
485 101
395 52
39 76
357 113
61 22
71 29
153 115
281 11
8 119
156 21
56 127
147 71
146 120
457 37
434 46
147 88
140 23
228 31
400 51
73 73
486 77
64 16
28 0
247 89
238 36
292 20
347 39
159 55
92 109
155 104
320 14
422 46
333 76
127 10
211 93
170 72
345 58
314 106
68 117
409 49
453 50
89 61
117 32
269 120
352 81
224 40
215 32
108 6
272 36
258 107
436 99
157 44
151 13
130 87
9 91
13 27
217 78
239 103
351 78
31 124
421 64
352 127
389 124
160 77
184 21
121 34
335 108
377 22
238 102
193 123
23 119
197 78
309 112
62 52
433 21
341 93
349 86
466 53
130 98
376 114
21 59
423 113
263 100
330 33
284 117
236 11
217 51
35 50
358 15
164 97
191 23
109 121
174 28
254 63
178 49
108 118
103 71
43 19
308 111
356 117
384 81
388 81
3 89
104 40
9 105
129 12
261 72
228 110
302 52
229 99
89 96
167 81
356 65
48 82
71 25
234 20
485 71
32 110
22 104
338 9
405 32
232 83
193 27
79 77
432 111
463 52
133 9
202 118
328 105
130 122
143 15
342 108
475 116
93 119
0 113
17 47
386 21
48 122
199 67
51 127
435 119
128 2
121 56
34 75
69 65
337 36
17 84
329 39
30 108
477 38
341 30
436 111
233 87
282 100
100 48
39 77
336 23
80 39
498 73
394 114
278 56
268 91
387 39
275 85
507 33
448 113
224 80
39 116
344 73
377 66
143 60
468 32
71 95
424 36
150 58
114 51
14 44
212 126
468 17
307 103
216 79
288 115
103 56
385 71
137 63
380 122
154 25
248 80
372 98
284 33
468 10
438 14
268 98
372 10
114 96
176 39
410 74
259 80
279 1
448 4
383 33
186 60
140 25
251 50
83 0
10 23
421 39
10 65
75 50
402 126
37 61
8 66
18 63
448 11
399 42
203 0
189 14
296 5
311 73
330 35
59 11
434 84
277 96
146 60
314 97
30 37
103 95
286 38
305 122
420 94
95 65
463 111
500 28
101 119
283 43
182 47
260 86
310 105
37 25
378 73
494 96
191 25
447 85
207 94
188 113
434 115
226 27
55 1
121 86
2 29
76 20
234 56
289 80
362 32
489 71
167 100
125 87
45 102
324 61
302 124
368 1
284 96
97 82
297 84
497 90
110 43
483 61
398 88
377 5
76 120
476 98
314 115
89 90
151 103
99 30
415 69
165 83
38 59
15 6
481 79
122 0
62 79
424 93
354 76
196 33
131 46
161 32
250 61
292 123
153 17
342 8
347 56
243 123
258 1
208 3
259 99
306 74
424 65
269 90
507 10
185 81
114 127
60 90
85 108
254 97
233 110
294 84
80 68
454 26
285 82
53 22
481 32
354 103
66 9
147 111
65 61
188 76
167 51
31 121
90 124
491 29
370 67
391 17
299 66
276 77
484 72
105 73
176 69
334 75
58 114
304 97
302 123
302 108
229 85
209 78
107 63
130 60
462 93
415 10
343 121
322 51
508 59
256 43
374 45
415 78
48 48
44 79
188 94
307 90
168 33
225 4
193 20
241 99
365 15
392 17
324 69
0 74
117 65
494 1
335 107
412 13
93 127
221 72
290 25
186 16
21 75
223 27
255 86
357 80
97 108
305 109
440 38
231 50
51 45
25 85
98 2
258 53
381 63
472 95
496 31
106 19
46 5
219 73
282 45
410 64
301 123
289 75
509 101
275 8
221 48
435 44
225 64
511 53
148 94
253 88
107 4
137 104
177 25
455 100
420 75
327 97
44 82
439 104
113 42
90 74
502 78
142 13
194 87
309 14
102 87
475 51
411 81
362 101
457 76
24 49
146 110
64 95
455 63
233 119
194 56
391 67
337 56
400 21
163 19
362 69
248 9
474 70
427 19
224 69
118 116
226 120
87 9
456 34
282 30
87 49
500 92
148 94
499 69
345 36
234 23
416 67
9 98
118 123
192 52
297 86
78 54
63 11
302 37
195 7
184 72
36 26
248 45
498 56
221 108
387 75
15 71
425 35
158 24
461 31
373 94
149 118
257 67
104 84
220 47
119 44
70 20
65 27
340 63
43 52
383 49
504 46
209 14
423 33
449 112
206 116
106 54
250 99
56 107
411 98
142 20
168 18
174 85
20 106
286 2
51 63
493 29
44 43
460 62
46 83
327 13
196 125
96 49
284 62
288 24
428 55
202 47
132 85
319 120
378 24
215 93
250 45
472 68
386 38
249 36
306 49
174 64
497 118
436 14
423 14
453 84
131 83
424 15
7 7
415 103
324 1
302 118
314 63
357 6
171 61
110 95
159 93
467 28
42 17
415 7
91 81
293 100
500 95
