1024 131072
88 52
145 112
286 108
172 102
215 72
81 87
226 50
210 101
19 16
496 92
476 69
381 126
460 126
70 65
274 60
496 0
497 106
470 1
231 15
471 2
89 62
497 41
142 59
75 67
159 33
486 59
58 123
378 99
164 6
322 64
64 54
288 51
436 49
321 119
377 28
90 24
321 83
270 75
271 80
113 90
405 46
42 88
443 79
469 36
356 96
22 24
75 36
470 55
46 127
155 23
47 39
378 118
321 113
321 9
483 80
511 50
10 120
328 41
461 70
38 29
53 49
213 60
371 0
128 43
450 33
329 27
17 114
355 67
332 83
419 36
86 47
168 34
459 97
39 112
269 24
201 77
137 67
451 31
74 125
414 67
351 13
511 103
427 112
195 98
6 119
39 103
9 92
189 79
191 85
365 100
305 76
271 55
470 59
440 83
278 32
45 86
62 117
486 44
398 105
224 41
272 20
497 7
470 26
239 46
403 21
98 92
147 68
127 113
68 105
138 55
398 91
464 55
228 76
437 54
96 114
7 21
413 112
138 120
166 115
9 121
470 57
254 107
476 105
211 125
437 33
380 93
20 67
271 76
259 120
363 68
345 99
211 114
362 118
106 94
215 16
74 115
222 45
279 72
197 58
219 106
327 122
445 87
420 91
84 76
400 39
10 63
305 106
480 93
59 27
171 74
189 19
448 117
61 27
86 87
193 3
381 49
393 8
356 59
7 45
468 56
375 24
130 94
187 40
323 98
173 119
10 110
228 106
262 74
162 33
36 92
141 99
364 34
221 22
323 80
136 100
124 23
245 127
167 126
353 49
168 106
472 14
376 50
124 60
478 126
474 30
130 2
420 104
126 110
190 1
358 66
217 70
325 98
225 79
384 108
470 66
80 40
218 46
107 72
71 86
117 73
75 33
137 119
229 112
113 8
202 35
233 87
442 35
370 46
26 27
221 114
282 112
414 45
245 116
331 9
82 60
350 64
183 30
142 103
239 28
319 127
215 57
349 40
86 17
300 79
450 112
96 9
310 92
209 126
8 43
360 28
476 90
248 70
173 19
47 6
134 29
342 110
406 93
494 51
387 108
92 26
291 69
33 60
186 89
132 114
270 66
285 108
178 106
381 21
412 96
253 44
282 34
383 83
263 48
156 109
135 10
463 120
436 42
3 112
227 111
305 7
116 113
220 78
100 38
134 89
6 0
34 3
471 32
465 33
270 94
360 109
358 21
319 55
295 26
393 66
457 10
508 59
265 61
356 88
305 109
365 106
366 55
88 15
304 69
35 41
150 62
467 11
194 124
279 18
84 105
500 32
347 30
91 112
200 101
466 63
426 121
305 64
207 24
93 9
434 0
62 0
11 72
69 18
292 77
182 92
508 121
407 42
154 88
445 114
434 98
348 15
207 92
116 13
22 31
415 81
337 72
16 93
495 92
41 85
433 20
141 95
394 46
262 36
22 36
391 67
82 72
292 99
368 34
193 24
105 6
334 96
61 58
278 94
436 45
321 63
31 101
275 78
498 41
461 25
220 8
465 84
55 47
81 117
142 39
301 18
370 119
178 123
474 47
476 72
264 14
243 29
235 39
208 7
32 93
230 29
498 125
44 55
428 41
465 125
399 58
306 126
378 1
176 100
428 84
226 13
426 52
475 85
476 22
371 43
329 125
250 89
272 59
356 38
419 61
247 53
52 50
51 41
13 46
258 99
368 58
110 100
441 27
433 74
245 22
403 36
382 62
377 13
435 14
331 94
19 86
136 67
108 71
501 59
414 122
52 119
219 15
42 34
236 21
43 91
255 98
32 62
75 125
268 26
120 126
340 87
154 11
211 92
151 7
385 72
448 53
324 53
87 27
304 110
329 68
294 91
281 73
198 70
224 100
354 82
42 88
484 54
146 68
459 55
383 41
351 76
257 63
475 35
18 89
157 11
103 91
420 67
265 0
229 107
61 106
322 71
254 103
300 38
477 16
186 119
68 93
156 25
188 69
158 119
387 78
42 59
254 106
362 78
57 8
498 79
151 119
222 52
91 21
293 10
258 56
405 95
504 70
139 50
169 53
387 42
101 44
22 45
380 100
364 1
464 53
44 94
146 103
508 11
277 109
294 34
257 23
349 59
237 122
431 105
275 23
451 50
224 120
220 90
347 92
17 72
422 43
403 62
329 57
294 15
177 94
118 76
264 51
173 83
444 117
396 92
398 79
72 80
298 110
202 36
365 5
432 92
282 19
332 67
211 99
193 115
191 4
311 55
267 71
445 100
64 71
407 73
153 79
61 95
259 67
72 8
484 112
388 121
316 126
353 80
323 15
404 34
346 3
458 75
176 101
300 7
209 112
191 67
162 106
302 125
5 38
22 118
367 105
231 26
107 44
187 72
106 46
433 79
283 68
41 124
259 75
187 86
25 84
319 123
120 60
98 109
483 125
102 120
19 83
511 77
405 126
44 58
266 127
452 94
346 37
496 109
323 93
50 43
38 93
25 113
478 30
283 123
243 65
276 1
206 6
388 19
462 99
99 49
399 88
253 39
20 105
326 109
408 88
181 120
233 63
93 78
329 71
137 121
250 60
323 29
177 73
44 71
120 127
343 15
182 7
240 84
321 75
35 55
431 89
152 88
422 25
352 118
111 111
299 105
391 105
306 110
310 56
183 95
494 46
438 14
98 37
368 38
221 35
124 19
107 13
294 21
11 17
256 6
112 122
483 43
154 119
47 22
117 80
382 102
244 99
264 52
475 86
249 120
11 56
325 117
138 118
135 107
242 21
271 7
435 98
345 115
9 77
29 8
110 126
225 27
208 98
184 106
98 43
355 49
294 110
228 41
276 49
70 108
243 6
360 86
73 38
243 65
73 82
208 16
172 55
25 49
411 124
39 81
130 126
108 10
51 41
346 80
188 72
334 32
246 48
86 55
376 63
401 74
90 66
121 97
19 6
130 19
356 46
428 41
52 103
400 24
361 103
431 106
138 37
469 126
437 1
192 44
374 45
239 82
179 80
215 105
508 70
117 89
3 96
327 33
58 55
158 87
449 35
456 78
332 76
461 30
458 1
46 13
223 64
272 30
135 19
89 103
321 3
483 78
240 68
379 43
2 42
205 25
103 68
16 21
51 51
180 93
106 125
317 99
1 74
221 78
53 8
267 54
5 118
186 110
25 117
31 53
79 28
480 108
385 54
106 112
461 53
434 30
1 55
385 112
318 2
138 94
405 115
234 21
132 26
143 36
474 29
185 46
410 41
223 25
137 27
208 73
104 86
142 3
371 105
108 15
110 49
36 118
140 3
413 14
179 16
429 44
218 13
182 103
256 116
399 21
223 10
480 96
227 71
432 110
126 86
263 28
275 108
239 43
58 31
175 12
184 109
378 92
195 18
6 48
453 68
334 21
501 36
491 46
413 88
302 28
440 27
263 53
353 75
106 118
130 27
136 25
374 58
204 2
50 57
509 82
103 119
156 75
122 93
309 7
35 23
50 100
153 92
167 57
303 122
405 18
43 49
235 29
31 33
475 55
137 81
73 88
292 112
333 101
364 30
437 3
231 16
364 103
288 0
379 19
293 79
0 16
302 81
242 107
162 77
415 77
166 43
27 104
205 74
360 105
492 57
457 29
260 83
83 53
329 36
115 78
223 110
447 115
350 13
346 50
383 0
299 121
225 37
495 70
175 46
488 87
116 27
366 49
231 120
412 66
400 48
158 15
130 111
124 94
272 96
480 87
208 15
181 11
82 50
352 36
508 1
413 72
250 112
489 11
205 97
17 5
405 94
205 47
269 23
504 74
289 29
173 88
228 113
419 98
6 54
55 4
76 2
115 84
224 70
295 92
481 45
11 56
488 118
398 89
35 117
275 6
350 68
309 64
290 66
376 89
477 40
299 48
388 41
368 30
506 100
18 23
464 91
338 29
246 56
173 96
102 25
93 64
384 68
7 19
108 34
459 127
303 73
114 118
148 52
280 98
122 14
105 42
328 74
2 59
155 62
344 47
112 1
198 53
328 112
147 77
76 52
509 94
340 124
48 112
82 104
118 72
115 76
278 95
155 59
505 24
456 54
56 81
263 56
40 126
459 79
4 59
281 23
403 1
113 109
85 67
268 68
400 75
427 127
314 39
447 70
380 51
133 7
447 52
178 12
475 104
163 125
149 95
481 61
42 40
492 82
278 0
331 120
119 39
334 118
316 49
228 13
149 57
109 105
245 84
60 32
413 81
176 96
157 50
91 17
228 71
327 71
319 122
161 19
393 54
359 111
253 70
383 75
437 18
486 108
268 42
379 35
259 42
220 44
189 32
103 55
382 33
412 47
66 61
115 61
45 75
145 90
38 42
188 16
509 91
133 34
197 9
435 1
45 72
360 16
455 106
140 80
383 70
3 40
101 65
396 119
81 18
444 30
46 119
82 120
283 43
309 88
217 96
425 104
376 6
496 17
225 64
134 124
164 96
33 9
256 10
412 46
460 82
457 89
465 122
38 28
244 108
205 91
67 77
211 118
391 60
252 67
320 105
201 2
11 100
238 107
153 12
94 11
484 101
95 39
67 53
162 5
480 55
260 111
485 36
480 87
155 108
469 92
94 91
447 31
394 105
373 46
313 35
