4096 1073741824
282 73
501 34
252 121
223 3
34 109
483 51
279 59
282 16
437 117
245 56
389 35
256 71
294 96
433 77
180 98
44 49
211 78
71 33
292 79
317 38
473 71
258 32
304 112
485 28
340 101
137 90
161 89
186 9
86 72
426 107
28 10
217 86
503 111
191 32
71 28
99 124
284 32
273 101
385 76
305 118
465 86
431 58
324 114
58 105
213 26
165 101
443 113
481 126
158 51
207 32
156 101
262 50
151 56
4 23
269 24
238 53
240 94
337 30
263 52
462 11
368 92
206 115
497 44
223 47
335 16
373 46
224 107
419 123
146 119
399 39
220 32
126 126
284 76
0 79
347 35
0 79
66 75
503 78
381 52
196 86
132 76
183 57
181 100
219 90
1 71
231 107
233 93
170 102
309 5
40 42
121 16
348 40
246 60
240 83
42 115
319 52
493 46
19 118
80 34
490 110
345 81
303 81
55 66
71 89
131 109
509 112
152 125
441 89
173 15
2 41
93 87
389 66
312 74
237 24
135 9
474 87
424 96
35 9
226 96
333 106
218 102
99 74
164 115
258 28
197 81
40 4
70 34
364 45
326 127
264 89
304 77
429 98
492 89
185 80
59 78
52 6
336 21
136 23
179 116
325 10
143 120
154 109
283 85
84 7
96 97
46 92
63 17
106 91
428 43
249 35
297 103
252 46
453 121
110 5
271 121
497 51
289 30
116 12
147 60
157 72
37 115
132 75
166 100
143 110
17 82
57 8
182 58
436 54
187 124
245 34
469 74
361 102
370 118
306 93
165 5
249 79
154 74
302 125
108 65
403 61
326 125
440 77
259 124
120 108
398 62
392 109
84 99
90 113
206 70
460 12
348 116
62 69
66 118
311 109
298 46
300 75
152 112
109 100
80 27
345 101
83 94
321 97
467 39
109 27
296 33
21 57
254 4
122 84
449 65
495 50
125 107
348 27
511 21
176 73
174 79
45 9
234 1
424 111
266 61
351 22
79 50
182 116
456 78
143 49
227 9
117 126
410 96
117 81
410 25
489 37
302 72
330 22
389 24
214 114
264 16
194 53
425 88
166 121
170 114
251 53
435 13
237 112
321 77
231 98
135 91
292 80
230 53
461 110
352 108
252 35
216 105
449 62
311 2
500 103
412 97
366 111
96 79
157 91
445 33
125 4
84 68
505 33
15 58
422 71
106 111
472 34
97 67
453 25
0 24
378 57
168 28
236 104
324 8
170 9
269 1
326 39
200 97
155 63
262 87
70 66
228 113
180 31
440 69
222 121
50 57
341 88
320 90
483 65
458 4
390 13
436 87
56 76
11 124
339 84
278 18
131 25
440 122
320 55
432 113
298 30
118 98
188 127
193 54
59 31
300 11
355 65
141 96
348 27
111 24
426 47
73 5
384 45
356 1
370 64
222 20
246 28
284 84
266 51
82 93
104 69
262 127
95 75
359 19
44 60
107 86
348 86
4 52
182 92
412 104
125 40
197 122
462 115
294 97
446 88
30 121
248 38
498 36
184 87
275 89
303 100
186 127
51 11
359 62
39 105
274 3
381 36
23 87
440 75
36 62
183 118
412 66
358 47
262 14
231 30
258 26
409 23
162 61
123 76
182 10
269 34
326 72
415 11
470 94
156 87
205 122
60 83
258 105
504 35
449 8
34 95
246 68
129 59
392 25
419 124
415 62
6 48
315 101
67 37
252 18
268 95
50 73
50 73
236 52
317 42
266 45
369 95
283 0
409 114
239 35
225 60
493 14
371 103
140 40
58 55
150 8
337 71
144 73
509 3
430 124
41 58
154 56
184 27
397 53
88 82
398 124
266 57
32 123
164 126
53 44
52 94
37 75
404 5
264 53
49 18
204 54
366 91
502 102
283 39
121 3
0 115
172 7
387 10
392 76
376 39
261 61
137 44
305 43
480 29
431 58
240 18
109 124
482 95
134 99
486 126
113 127
262 102
241 30
490 9
176 121
55 99
271 54
225 64
221 65
123 65
211 13
265 107
458 64
419 107
489 80
335 10
368 91
377 86
223 97
219 99
198 16
326 18
466 86
23 39
232 47
316 18
509 60
252 69
305 72
24 32
42 26
373 104
446 26
508 110
82 29
45 87
489 24
238 115
410 59
106 5
407 3
63 39
492 21
349 59
475 29
56 117
221 5
416 45
156 27
313 28
115 110
6 102
218 92
23 117
506 116
247 1
40 18
295 54
114 21
306 4
505 77
83 106
280 87
370 115
399 52
162 43
18 2
94 40
413 108
352 117
246 24
298 88
398 31
308 81
213 0
78 102
465 78
421 33
148 105
157 24
451 35
37 63
487 85
193 3
248 5
285 34
122 110
269 71
152 8
9 65
168 109
59 87
248 121
354 97
249 12
431 127
318 60
146 84
87 37
170 83
373 79
317 71
14 111
504 75
140 38
19 1
88 52
429 79
48 80
220 15
270 41
485 11
95 76
370 119
459 54
5 28
484 64
304 66
397 114
153 40
297 26
334 44
251 1
209 124
11 43
84 45
56 26
358 58
177 23
333 88
245 124
445 82
148 89
203 109
21 34
60 100
17 62
191 10
134 12
56 16
317 18
428 12
198 117
12 18
491 120
500 89
171 96
441 49
158 63
353 4
489 51
497 29
296 122
262 48
64 46
64 62
459 125
242 108
255 17
9 126
87 106
458 126
431 2
66 3
7 78
257 35
321 112
490 115
419 105
23 113
47 100
353 88
68 122
140 84
338 67
45 21
147 42
172 119
378 67
145 110
146 2
370 18
133 83
60 93
78 41
13 83
171 125
120 110
450 112
51 4
409 21
191 97
88 45
112 107
90 83
341 1
147 108
191 71
36 25
322 123
334 114
240 79
189 122
234 104
108 0
405 29
382 5
50 84
447 87
426 34
419 25
261 127
454 55
336 68
191 107
93 18
481 14
8 77
181 30
286 114
15 33
295 51
263 14
357 89
508 71
224 15
14 31
470 102
426 84
447 38
440 106
120 29
362 25
56 0
370 32
321 86
10 1
271 104
450 17
472 116
387 62
349 57
159 17
358 52
90 73
179 37
322 19
428 43
427 45
205 100
315 29
159 14
119 69
86 46
35 57
503 47
232 38
312 84
136 7
464 30
451 99
246 4
431 6
435 34
135 91
120 0
142 66
263 23
198 5
318 93
396 105
143 53
138 116
507 71
101 18
501 76
80 41
303 107
398 127
346 98
354 21
471 83
234 112
246 94
59 48
153 52
362 72
60 41
240 116
262 56
4 86
383 124
487 84
83 46
400 117
394 46
385 114
226 97
63 107
28 88
13 123
67 53
478 119
363 127
183 79
37 113
365 59
271 36
82 85
202 99
273 98
212 85
438 18
253 54
399 118
113 25
463 28
275 52
307 45
124 126
239 107
166 33
69 93
434 54
281 23
121 124
209 42
188 77
260 8
126 57
211 19
47 111
419 34
79 66
448 86
193 76
365 47
268 104
286 51
74 62
315 55
97 68
17 12
148 29
214 21
424 18
1 41
75 87
281 36
123 27
359 89
393 60
164 84
135 21
340 66
505 82
406 15
155 90
375 39
189 48
66 78
503 101
61 68
488 67
222 86
48 99
416 69
281 57
78 68
7 33
115 34
49 0
91 9
432 77
509 82
32 109
211 63
131 24
91 16
102 108
207 57
382 22
79 111
180 23
56 30
64 59
187 43
180 114
319 22
233 101
210 60
379 9
289 37
181 127
107 124
181 28
434 58
426 51
203 2
160 94
281 3
431 96
338 84
235 99
200 17
461 84
221 27
320 73
328 127
379 118
274 51
237 49
100 68
198 23
245 47
51 102
71 14
483 98
69 25
43 78
162 14
169 120
321 127
382 105
479 9
60 122
299 113
438 42
449 15
191 124
483 55
197 114
212 42
451 40
374 25
39 110
487 24
408 80
186 40
434 22
16 25
395 110
280 59
203 65
445 90
401 10
124 32
458 86
255 80
105 14
380 117
142 17
353 99
140 38
316 27
181 62
44 77
136 64
385 69
31 83
221 62
223 48
6 89
169 41
55 5
379 19
420 52
279 9
47 5
289 35
481 107
184 86
22 14
339 65
148 23
213 114
290 114
203 52
94 40
46 117
136 21
73 41
434 44
305 97
260 97
332 82
40 102
244 5
326 62
469 71
441 90
332 43
95 91
3 24
397 61
339 49
474 21
65 28
253 12
365 114
453 2
232 58
191 109
44 92
35 5
479 1
172 92
183 44
324 12
457 58
236 81
230 28
185 70
83 39
153 54
440 64
122 94
76 32
124 57
318 120
121 31
123 30
74 38
50 50
493 14
95 123
280 89
415 69
108 81
391 114
435 5
356 64
480 45
359 48
40 93
252 37
451 33
455 120
170 13
411 121
501 23
368 122
319 13
222 16
258 43
177 101
421 53
227 21
453 6
483 74
239 109
142 95
87 51
192 86
79 2
409 92
86 68
337 10
26 22
321 47
149 28
466 114
7 58
448 53
255 76
441 35
131 110
161 72
158 90
476 98
446 109
306 118
128 20
426 3
179 26
438 108
222 72
386 8
61 102
178 67
230 60
299 108
180 105
68 76
302 82
63 32
406 108
257 113
501 22
176 43
407 40
496 103
495 118
348 114
181 45
361 14
122 28
261 20
97 46
128 73
362 15
124 64
49 0
279 125
40 38
206 71
46 64
54 62
49 30
75 18
416 102
130 52
73 27
329 8
209 42
57 74
138 59
316 53
50 59
226 83
26 91
27 48
111 73
103 81
483 32
390 50
102 3
414 9
401 47
345 104
178 98
158 19
72 60
503 90
45 123
214 89
138 71
144 113
322 121
409 119
425 37
168 31
296 16
191 71
303 57
284 25
428 97
285 58
404 116
111 20
494 65
8 69
54 120
369 25
400 120
157 10
41 58
330 70
397 82
11 9
34 60
157 39
225 78
451 58
206 117
54 50
376 60
308 63
216 46
295 37
431 104
418 68
266 89
299 108
246 23
339 54
94 24
231 112
426 63
437 42
220 121
309 107
42 84
3 106
271 2
363 42
238 63
152 13
506 121
144 67
249 112
8 100
468 87
151 111
409 127
504 76
55 118
202 45
407 98
356 77
503 39
358 79
477 102
223 126
449 87
199 111
339 58
18 79
447 40
167 41
245 88
462 31
460 44
398 25
358 100
11 115
450 94
68 113
367 31
374 35
146 48
490 61
269 102
270 124
165 76
36 53
84 26
199 115
140 32
388 85
328 114
336 15
256 11
170 20
183 111
415 33
94 74
304 10
390 107
55 62
499 44
454 92
79 71
103 13
227 91
205 108
379 43
310 30
434 124
235 97
2 106
436 11
21 96
460 100
290 27
455 3
95 21
348 14
27 46
393 67
431 126
298 87
117 43
423 96
65 39
145 18
285 67
164 69
297 50
206 112
115 75
352 21
35 83
385 60
128 63
317 11
354 47
346 103
200 87
510 1
404 9
333 16
213 49
484 113
97 127
74 50
327 84
423 43
103 107
426 41
52 103
279 103
335 22
365 113
371 23
288 107
507 7
440 109
94 81
208 28
78 63
404 26
197 22
257 59
100 45
20 43
402 24
46 43
413 97
248 27
263 16
23 25
134 2
467 79
364 101
420 35
446 58
336 56
116 3
432 81
252 88
369 69
240 15
368 31
315 13
413 105
130 66
324 52
388 8
493 24
443 112
170 18
202 121
509 123
76 62
23 45
370 73
472 8
295 99
240 72
433 98
164 14
66 51
316 105
257 70
182 41
187 60
54 97
348 6
196 51
480 40
241 91
99 83
438 73
18 11
493 38
308 67
503 18
123 119
317 51
92 124
56 116
341 24
158 110
161 49
89 98
62 2
469 75
20 33
44 11
49 38
490 26
172 102
221 97
276 39
163 26
14 112
136 91
330 99
20 38
137 107
109 110
441 71
360 66
461 77
500 21
431 127
357 94
447 91
386 66
92 83
67 37
256 107
462 76
498 74
54 99
81 123
322 35
230 10
471 43
64 51
178 75
425 111
74 23
89 104
59 76
497 54
289 127
331 113
316 111
210 61
441 114
21 35
301 123
422 123
431 5
208 102
469 97
121 122
482 31
491 82
392 30
157 92
206 41
409 104
293 10
380 107
399 94
474 17
141 60
449 0
359 60
157 18
268 60
348 22
489 110
268 71
292 113
27 41
401 114
508 52
31 55
405 120
265 46
107 111
240 22
466 44
190 87
403 112
390 74
185 111
55 111
225 69
367 91
333 124
176 0
439 73
193 79
126 77
188 74
353 105
277 44
3 51
419 84
414 23
134 42
153 87
29 61
24 122
118 12
140 101
174 38
502 68
401 111
314 116
349 77
506 27
462 114
70 125
404 114
156 101
60 27
216 53
176 89
485 113
86 38
77 114
182 5
116 67
183 71
148 46
73 20
134 14
140 24
394 77
178 32
59 38
347 110
328 20
5 11
306 45
415 91
352 127
450 85
156 85
387 121
141 49
447 77
485 19
480 75
108 111
405 18
385 39
443 112
252 73
502 64
28 46
429 22
491 124
337 111
488 8
441 85
162 117
392 120
452 7
502 105
507 48
215 11
123 124
69 19
83 119
421 60
466 111
492 82
193 61
69 61
18 41
286 126
375 52
315 39
16 59
363 49
188 11
392 66
213 56
175 77
9 41
408 85
423 91
409 4
194 105
274 94
477 84
393 49
216 84
143 68
502 104
243 122
60 50
490 123
73 18
59 26
239 82
46 83
344 22
255 71
421 26
238 18
67 2
214 119
316 27
3 101
351 50
484 118
370 28
174 79
105 59
13 105
188 88
494 59
2 20
46 110
256 40
298 29
404 67
94 1
358 80
2 97
343 70
98 103
438 73
132 16
505 31
375 18
205 53
202 101
83 80
120 120
21 83
150 34
419 42
122 116
341 10
464 125
100 45
374 50
322 26
57 123
141 59
496 48
277 90
42 58
435 105
188 34
69 72
370 83
71 104
242 109
106 29
74 66
244 78
232 64
443 54
369 33
209 72
419 98
28 102
335 77
112 79
408 12
351 53
157 10
247 38
323 16
82 97
47 13
334 71
381 23
56 9
338 111
81 9
240 117
194 109
61 63
75 50
487 85
223 42
337 5
21 87
312 20
34 103
430 104
127 112
121 44
27 56
449 75
192 108
217 49
241 3
181 22
235 60
231 29
290 75
418 56
204 55
414 90
66 110
94 77
121 66
378 88
163 20
256 59
493 100
231 89
240 94
26 28
57 91
422 1
313 91
146 72
35 6
244 49
382 101
295 83
43 119
139 33
477 78
50 11
356 74
168 25
182 84
48 66
452 111
75 86
287 125
259 93
270 66
423 120
331 12
131 79
368 118
68 14
153 77
279 119
400 126
82 63
130 70
310 2
89 70
323 1
94 120
186 71
63 109
505 97
304 10
256 125
395 33
494 68
443 37
35 6
197 76
402 117
248 71
397 72
73 81
201 81
280 40
21 3
484 87
225 14
139 21
438 97
293 23
60 36
170 97
45 95
212 112
183 63
136 76
285 69
278 81
377 102
361 46
389 14
413 78
99 102
71 40
63 25
445 108
77 123
218 104
472 122
58 47
379 15
212 66
403 25
127 106
24 13
155 105
311 29
3 56
97 26
435 74
439 32
284 112
472 4
127 118
421 48
64 57
379 33
442 20
255 14
27 57
34 23
181 55
239 89
243 56
259 80
497 38
23 58
190 13
259 111
416 61
502 41
458 96
244 113
128 4
445 115
267 27
338 96
313 64
120 66
402 45
211 123
53 3
144 106
218 116
49 20
61 122
90 40
409 7
395 78
322 25
181 72
296 77
13 7
73 98
143 5
1 92
351 98
77 54
298 112
388 39
417 92
388 65
456 123
329 29
311 83
155 11
216 108
499 68
38 101
363 61
25 53
23 108
418 120
360 100
395 77
41 108
173 44
295 45
202 117
456 113
252 1
493 100
40 85
186 97
30 78
259 37
401 55
431 26
383 52
1 24
4 10
55 42
471 50
295 94
463 33
163 112
340 76
161 16
113 124
458 91
385 15
198 77
487 18
70 118
398 102
113 71
113 18
68 40
6 72
234 108
92 86
162 13
29 48
300 67
158 15
286 118
451 31
306 101
91 42
273 120
448 105
379 2
42 49
122 64
300 48
6 100
241 8
312 40
491 14
413 100
346 10
169 60
161 29
199 91
340 124
229 88
346 20
325 96
32 4
437 63
291 76
212 59
100 20
291 12
112 79
217 64
380 74
231 3
350 29
281 47
391 50
454 126
95 98
102 12
203 127
460 27
471 111
3 32
173 59
138 38
487 29
232 100
231 99
385 79
382 69
248 26
153 6
488 62
458 120
375 78
106 22
133 67
484 65
124 8
431 17
430 6
106 22
249 22
102 81
407 122
277 100
234 15
333 46
166 82
289 24
430 29
353 11
460 51
187 69
470 72
334 106
0 4
27 57
266 122
372 1
101 33
304 9
55 80
34 126
406 93
251 67
206 68
375 92
417 26
226 50
157 119
251 49
490 29
407 22
407 116
406 12
405 125
333 70
324 77
170 111
179 90
30 37
1 1
28 21
456 34
281 126
303 101
258 21
299 25
14 26
422 67
192 36
106 59
264 13
380 47
137 51
344 47
433 40
61 90
252 77
203 5
106 22
43 123
276 109
7 86
25 34
198 45
232 89
230 49
224 113
420 99
146 105
17 124
86 67
16 79
84 83
361 92
215 63
44 20
234 107
270 51
480 4
477 84
261 72
185 68
295 101
335 93
346 57
509 96
431 48
259 13
233 4
195 108
0 64
428 111
290 107
495 58
142 2
458 76
144 20
377 4
225 55
369 72
41 59
492 110
379 88
476 111
348 101
37 31
398 92
71 81
139 48
434 54
3 26
174 125
1 19
75 39
240 98
286 60
298 25
241 10
505 37
266 78
365 85
178 48
257 124
428 121
304 13
167 95
220 51
454 85
380 93
447 17
461 108
389 93
487 119
413 119
325 97
310 39
471 50
430 104
226 89
102 91
186 18
325 13
98 22
115 11
285 94
75 50
272 106
482 80
71 119
216 127
38 12
63 15
503 126
215 109
328 89
235 61
74 2
408 48
316 44
138 11
62 89
323 85
166 78
69 37
164 109
122 30
301 75
201 57
166 36
510 32
221 111
497 105
282 39
467 10
405 86
175 93
307 83
289 114
280 89
198 103
133 60
135 64
505 50
214 80
240 32
143 84
446 77
244 0
10 88
302 71
293 32
371 93
463 88
49 21
508 103
164 119
56 1
51 43
124 49
209 9
478 108
314 96
481 28
116 46
246 107
395 34
383 27
115 127
404 78
54 36
411 16
17 90
5 83
5 68
333 1
494 86
55 43
199 40
342 24
3 59
221 76
103 15
142 92
427 90
382 34
434 97
187 26
237 67
7 64
322 114
457 84
128 48
88 0
24 71
131 46
507 27
426 96
445 98
317 56
90 104
329 59
469 12
463 4
196 67
437 86
299 6
310 126
382 43
242 14
317 22
434 117
214 56
410 92
405 19
507 87
403 111
508 68
328 104
43 75
418 12
19 97
351 77
120 73
216 94
116 106
224 21
333 38
387 54
73 103
447 24
263 68
392 82
186 3
207 80
220 102
199 113
318 111
57 38
260 54
288 17
294 121
415 0
438 115
346 34
58 127
67 25
107 66
69 75
155 38
12 20
389 120
103 83
249 67
121 32
433 126
375 26
410 87
330 22
57 81
336 37
446 115
437 20
351 42
336 123
271 123
371 92
47 21
344 90
123 40
294 82
364 44
260 29
436 6
87 78
243 109
96 40
316 50
220 22
17 27
150 44
392 32
437 9
484 55
223 14
224 95
139 6
163 76
338 15
478 87
68 42
338 81
387 37
187 14
297 95
139 76
492 64
457 19
458 34
176 45
12 42
176 16
476 24
39 83
427 46
216 5
215 111
148 42
184 90
186 79
27 98
418 69
345 8
426 107
281 35
461 90
490 37
445 125
465 70
244 101
490 124
363 77
503 65
284 0
335 48
146 86
283 107
371 52
415 116
408 29
375 56
478 101
483 97
295 27
384 52
304 27
488 107
44 27
155 96
144 72
286 107
342 34
342 58
174 73
486 117
430 70
428 93
190 12
295 15
323 101
0 40
19 115
270 105
457 63
392 42
405 89
379 38
224 107
436 81
454 15
469 26
247 116
256 1
272 53
410 40
208 83
198 26
387 99
290 85
383 76
421 42
337 20
511 32
497 49
448 51
333 56
300 22
279 68
505 45
85 40
123 19
301 37
8 66
279 49
509 42
469 22
426 35
195 38
343 41
348 53
109 24
174 41
237 25
454 69
493 102
121 27
320 105
427 38
87 72
115 66
344 85
504 72
366 2
171 59
368 69
477 7
176 93
375 11
81 29
131 61
345 62
167 124
162 25
482 82
276 122
335 85
157 108
366 71
2 11
208 25
32 115
336 46
313 80
109 71
5 10
457 112
492 94
503 112
195 15
393 89
46 87
68 88
31 75
214 50
460 33
404 39
85 108
189 101
428 14
281 42
27 49
271 98
338 7
150 7
224 21
493 31
247 15
474 49
483 22
312 49
88 47
412 76
433 45
59 89
387 94
271 84
54 30
422 31
294 9
414 60
92 6
277 11
444 83
106 112
417 32
335 34
110 121
166 107
324 32
382 97
54 72
102 13
172 108
501 12
73 82
473 20
287 37
504 110
478 92
124 98
4 127
376 75
183 115
147 30
256 123
195 17
158 54
418 42
310 75
285 24
300 127
36 118
485 75
295 29
127 67
323 35
367 4
247 59
218 38
33 10
411 90
272 101
15 57
388 50
74 69
197 34
408 118
450 105
262 125
321 105
141 6
10 4
319 124
34 1
139 25
499 67
296 38
95 3
438 55
125 100
134 0
375 66
43 30
412 57
34 50
184 93
353 47
171 66
451 32
186 77
273 78
116 45
433 57
369 83
183 103
359 110
304 61
348 94
23 91
141 120
469 58
233 69
7 54
470 21
98 74
24 16
318 115
429 12
352 111
86 30
268 23
341 61
156 60
407 49
425 51
237 37
362 126
180 87
364 114
316 10
283 78
322 85
481 89
328 111
13 65
345 30
347 25
341 46
351 119
171 108
273 8
134 24
367 124
494 58
452 91
170 42
127 95
312 108
219 97
418 0
30 104
1 123
425 122
369 86
66 8
16 28
437 84
464 22
464 36
0 62
232 21
116 42
150 104
457 45
45 113
89 107
103 76
454 90
432 16
281 55
340 114
326 41
448 9
45 22
212 16
293 45
215 61
293 26
327 109
222 110
89 116
448 55
401 64
209 6
190 65
308 106
275 18
283 122
401 83
100 72
374 101
34 9
291 77
443 71
53 106
479 25
465 15
335 31
294 98
164 32
10 100
502 88
82 30
497 17
89 99
73 85
479 79
29 107
435 2
365 88
113 104
119 76
235 66
421 71
487 17
501 73
33 114
272 107
252 115
87 1
343 86
293 32
267 54
56 66
282 62
167 37
241 12
462 30
229 93
494 115
444 77
191 100
463 93
81 79
208 76
34 40
328 39
349 71
138 83
274 22
315 36
304 57
215 45
10 127
114 61
138 120
476 47
12 73
280 44
120 93
261 104
16 26
481 77
161 109
259 107
16 51
364 63
108 64
63 67
0 118
110 50
225 10
467 75
503 109
331 107
212 111
265 80
158 100
81 106
342 63
242 85
404 102
166 94
161 0
118 102
408 34
300 100
303 121
358 0
491 38
405 49
258 63
419 30
393 32
223 117
330 95
69 81
47 94
222 107
465 80
370 84
56 105
482 31
415 104
142 73
506 10
74 36
194 124
156 109
482 75
298 123
332 44
10 111
91 123
76 104
60 44
406 62
93 117
477 120
193 124
391 107
143 60
440 81
446 82
413 85
464 33
205 72
55 29
152 88
448 18
191 100
163 125
114 85
461 0
253 79
186 15
331 4
85 74
156 3
344 19
436 57
257 41
70 2
346 57
459 94
451 26
279 10
223 102
358 9
472 45
316 99
231 19
477 7
394 60
336 121
178 99
12 4
390 52
237 82
304 96
507 56
323 115
345 18
156 34
207 64
291 116
263 11
146 11
327 100
349 29
256 23
412 16
452 12
350 34
3 49
361 14
386 126
272 44
207 91
411 44
33 30
426 63
202 40
13 60
89 17
169 106
378 89
101 69
359 62
495 67
82 106
360 89
5 84
175 121
37 84
115 75
266 70
367 29
89 84
485 124
230 51
12 14
211 97
415 114
53 59
421 15
232 7
91 14
391 109
450 11
342 44
499 53
82 96
52 98
222 43
350 25
168 68
37 107
477 123
438 69
340 18
154 92
106 60
297 117
0 113
413 107
288 86
438 16
242 114
30 106
4 80
405 124
231 44
39 58
383 68
215 94
314 83
271 113
102 36
405 57
292 103
445 50
195 69
439 116
350 53
390 85
338 98
14 27
213 57
254 54
20 85
296 85
326 78
242 56
113 44
19 7
441 21
474 81
325 124
50 18
359 35
6 56
211 57
243 20
74 40
509 113
454 94
428 38
350 12
184 30
293 79
356 76
157 95
347 63
209 98
133 13
325 56
242 11
160 24
449 101
470 106
329 62
228 28
168 117
404 66
17 96
44 57
408 118
181 73
171 116
129 6
446 49
444 71
479 48
149 92
327 32
351 107
7 16
389 67
134 47
16 25
467 23
13 60
262 107
95 66
72 49
226 97
168 7
183 31
251 7
40 77
440 66
210 7
458 64
111 88
369 80
232 127
188 68
176 117
440 66
371 15
496 0
7 86
245 24
288 63
12 112
51 72
207 68
388 5
349 25
234 116
115 79
19 82
199 47
241 67
467 127
128 101
187 67
92 7
326 48
416 124
196 82
279 83
217 19
44 27
143 54
261 22
232 3
50 25
476 48
47 36
393 47
371 47
311 68
500 79
331 125
464 20
360 15
418 103
386 65
119 78
229 18
277 125
150 77
381 71
107 114
34 45
92 116
56 21
356 19
17 44
449 47
190 97
200 41
362 96
46 74
92 97
350 19
225 113
185 116
103 94
11 36
281 9
30 104
507 81
382 2
49 12
493 63
104 111
335 53
256 82
435 125
145 92
206 18
262 114
464 7
171 109
502 92
68 68
278 20
406 63
76 20
467 71
182 57
239 59
13 5
387 111
331 64
210 20
390 25
416 89
326 86
306 76
16 61
337 118
438 38
442 104
175 2
59 13
456 102
363 42
281 85
406 110
258 101
126 104
65 8
479 31
107 8
197 17
136 123
418 22
254 62
64 92
234 46
276 123
422 50
136 127
366 63
292 30
134 112
249 35
450 72
80 88
489 45
168 21
299 113
175 74
423 42
472 111
363 17
323 108
363 17
464 75
489 89
330 117
152 112
312 67
283 90
135 8
157 4
374 47
378 72
498 37
277 33
434 74
182 0
401 117
193 34
251 97
86 42
282 69
136 110
328 82
474 35
168 79
255 119
64 30
67 121
410 50
509 88
472 76
65 51
213 105
203 2
429 81
22 33
16 71
282 31
66 88
296 116
364 106
264 39
160 44
478 76
164 58
390 91
143 125
486 71
202 100
309 49
467 119
318 76
491 99
315 88
333 45
280 99
138 57
101 32
364 42
356 67
31 17
142 106
178 46
18 116
294 124
499 72
148 121
220 49
394 127
172 23
123 87
400 68
485 5
48 117
56 81
354 20
127 87
261 112
101 49
173 24
96 11
132 32
465 116
371 96
375 91
50 31
484 114
248 66
439 73
282 40
188 112
71 125
109 59
108 77
101 82
93 25
441 69
441 97
65 11
230 44
331 57
427 25
219 47
248 35
459 19
131 19
144 8
451 74
23 125
464 48
329 124
321 45
271 3
142 122
38 80
265 116
141 114
161 53
344 105
508 26
429 36
428 127
329 61
314 111
415 97
477 10
312 105
492 31
25 71
407 122
494 64
434 33
342 124
485 83
493 46
466 97
96 26
471 126
238 41
266 18
28 13
374 104
7 84
411 98
476 32
96 51
468 75
71 18
102 42
472 44
13 83
494 43
297 109
22 69
215 23
165 33
9 116
72 27
382 16
48 100
279 90
293 17
163 107
21 108
408 9
349 109
408 37
18 75
272 66
217 41
330 104
220 126
410 83
355 36
264 24
114 19
36 31
266 24
260 72
465 31
269 29
66 46
121 37
359 85
126 10
370 65
447 72
283 78
370 89
113 126
17 123
154 100
124 54
254 37
196 0
29 79
510 81
119 96
181 119
1 94
31 51
251 115
449 95
312 22
148 52
431 42
142 37
219 73
494 10
138 89
169 51
132 40
264 39
286 123
218 61
240 32
147 121
216 107
1 85
393 17
443 21
314 56
385 73
339 22
495 112
35 93
133 24
319 39
419 13
330 94
382 125
374 58
37 17
102 79
96 38
187 111
295 27
100 118
12 41
25 55
404 123
148 60
227 26
423 83
49 6
259 114
300 47
449 122
201 82
376 39
23 41
324 52
42 62
487 40
351 54
49 0
60 115
269 69
153 32
422 53
423 74
122 42
292 83
37 59
98 109
278 30
466 121
440 90
2 124
50 31
416 97
84 99
297 92
252 98
23 66
140 35
333 62
145 6
321 113
94 55
85 36
29 116
462 39
35 85
373 80
305 85
184 21
241 5
231 97
419 110
145 126
188 48
310 94
79 78
5 120
28 45
33 90
129 57
15 111
447 36
249 4
153 112
117 49
403 10
376 93
91 54
358 9
487 24
102 29
277 54
227 107
197 49
362 4
243 70
490 121
253 50
418 99
148 22
289 24
373 39
350 25
163 80
232 68
353 10
193 78
441 118
423 36
169 126
452 18
139 28
79 46
145 9
287 113
9 38
333 64
218 126
335 43
368 125
7 55
390 81
328 72
109 63
446 111
1 22
178 2
305 13
22 1
243 66
232 53
374 124
123 54
225 80
461 74
1 81
291 84
157 7
199 107
346 10
32 5
7 92
489 82
468 56
251 127
308 71
451 99
25 42
250 62
8 123
332 71
156 10
401 111
218 57
67 88
221 53
401 99
309 101
29 122
377 9
464 24
252 45
344 20
466 21
16 82
282 91
485 93
460 54
239 118
463 39
220 50
405 44
401 109
487 74
468 47
199 96
13 36
312 67
217 101
440 11
230 105
70 82
136 75
65 19
186 119
169 16
189 22
3 62
264 78
509 106
330 92
129 69
136 87
189 57
196 97
75 117
327 42
117 17
164 79
326 55
199 94
244 111
45 4
467 119
225 53
18 80
149 43
387 19
76 30
127 64
181 17
187 74
348 124
459 49
488 0
351 17
256 47
52 83
331 45
98 7
471 44
88 116
263 109
395 91
27 84
101 10
213 80
204 32
81 49
49 23
424 57
233 16
484 40
469 29
292 47
347 55
172 123
360 51
398 51
263 115
254 41
121 108
141 83
4 69
476 94
280 53
454 4
44 1
286 42
217 1
57 66
317 52
488 101
152 38
409 118
288 32
268 23
106 25
223 25
120 110
164 59
64 16
401 106
20 108
110 47
241 109
289 39
396 46
212 9
128 36
452 110
261 32
313 81
106 112
478 24
212 98
114 2
236 20
384 3
178 0
493 110
149 35
466 15
24 33
70 38
276 24
56 10
219 26
394 114
394 70
40 104
491 94
370 27
158 87
472 115
225 81
244 69
212 119
408 70
365 109
389 94
489 1
155 62
304 68
10 37
398 58
281 51
206 121
80 11
382 108
189 40
494 96
471 50
120 66
431 111
334 101
103 53
243 55
507 2
296 35
221 6
57 54
47 118
130 7
115 127
168 0
96 49
227 22
344 55
423 91
321 8
61 117
44 40
170 48
339 39
45 82
136 48
39 102
365 55
311 41
169 97
274 95
117 10
321 117
336 77
213 104
477 17
57 18
66 9
49 100
182 21
454 94
197 63
502 109
150 50
19 45
268 63
73 37
282 1
335 11
115 107
252 36
311 81
90 54
26 121
271 11
234 80
15 85
194 47
481 6
307 88
151 117
282 64
449 97
108 53
160 16
309 95
304 28
210 108
485 11
22 108
445 116
457 0
175 76
466 11
483 17
134 6
326 123
348 32
469 7
24 72
167 117
18 77
441 88
355 100
465 30
147 121
122 14
346 92
232 41
442 45
51 75
326 64
481 121
128 34
106 54
44 24
485 18
234 62
290 30
317 77
454 115
129 80
44 64
362 92
265 20
480 36
357 60
181 38
457 70
252 53
462 51
325 40
358 51
338 47
124 9
380 15
95 67
131 126
474 11
416 109
274 99
31 0
166 119
445 84
9 111
163 57
482 87
395 104
24 72
465 93
364 20
215 78
332 75
86 91
328 38
9 118
374 90
209 40
252 29
140 14
328 5
221 47
280 42
114 104
325 48
452 68
402 49
124 28
503 94
4 82
201 63
410 13
53 63
92 107
250 49
54 105
24 66
364 19
379 48
96 94
34 64
369 37
193 52
146 109
192 56
503 22
163 9
456 17
509 88
9 37
270 119
313 64
339 38
87 37
131 79
399 55
220 38
90 1
238 29
85 109
387 46
311 77
478 39
255 0
293 91
210 9
329 51
345 11
176 28
363 48
104 52
474 123
508 68
226 52
289 106
153 55
388 37
204 80
208 99
318 75
212 117
40 17
28 29
186 2
306 77
1 37
288 26
223 91
15 28
7 65
248 49
470 32
112 125
480 34
109 65
310 30
303 66
351 95
225 76
25 25
63 19
430 26
501 95
124 13
78 4
309 3
291 70
451 11
429 19
212 35
194 27
349 11
362 113
317 60
214 75
94 86
368 21
116 12
153 101
362 112
371 103
46 31
427 22
42 113
405 88
371 126
265 87
72 80
397 115
190 6
220 99
376 29
297 77
434 108
221 67
170 28
444 80
231 88
202 103
191 17
15 95
182 51
259 25
396 126
132 16
243 75
360 97
430 107
88 17
84 96
125 53
389 127
471 57
416 108
381 33
256 95
146 13
166 54
181 22
38 50
125 57
154 26
389 101
119 72
425 93
274 75
458 38
95 24
260 34
67 127
94 2
15 68
250 113
135 53
231 47
233 45
455 101
330 3
460 77
298 65
141 117
411 61
213 87
505 122
505 89
91 61
385 87
328 106
287 123
43 79
125 7
364 20
151 68
401 54
120 99
472 60
249 5
348 115
365 78
423 86
403 102
446 3
109 20
399 6
214 13
404 58
206 83
407 0
438 102
457 41
485 46
307 34
277 94
172 16
486 3
489 83
86 121
141 39
174 68
81 28
471 4
215 101
229 37
11 110
407 27
202 85
375 124
90 125
141 12
271 6
346 115
492 121
160 48
116 121
150 78
210 69
170 109
274 41
24 15
43 30
243 47
300 117
242 106
246 6
141 0
499 6
255 103
407 96
89 31
238 12
209 111
348 64
362 124
267 111
397 2
305 54
43 0
234 93
484 30
158 96
486 113
88 17
113 101
133 111
507 75
442 115
307 77
73 23
390 29
31 84
139 19
403 81
430 54
468 125
93 18
3 114
260 68
297 91
75 117
64 46
289 70
275 123
274 85
242 92
177 24
427 18
99 60
498 62
443 17
420 71
57 24
92 39
3 61
179 6
308 78
148 115
238 86
171 40
260 0
152 29
175 53
241 67
385 18
292 100
171 60
341 72
111 100
34 49
311 114
192 85
456 108
194 85
253 55
183 109
266 1
439 80
403 58
204 40
396 21
81 112
184 55
284 38
344 40
410 62
19 15
251 91
432 91
146 61
298 45
174 74
154 53
495 101
270 45
322 59
172 26
210 20
314 100
140 110
300 18
290 39
130 63
282 29
475 50
223 45
247 5
314 13
499 17
446 41
485 1
411 1
149 17
501 109
91 79
98 2
169 7
198 4
417 43
349 97
398 124
130 60
457 5
22 60
230 60
189 84
213 75
348 89
198 106
314 81
467 34
169 28
288 124
423 112
337 65
62 4
320 95
356 64
124 10
198 122
334 98
45 4
477 36
398 9
219 35
453 72
100 46
299 111
479 4
70 82
471 48
15 4
324 23
33 115
237 64
291 104
108 59
95 80
218 73
236 110
182 53
99 50
289 27
159 14
97 0
48 101
361 56
335 63
434 45
110 113
89 31
218 17
225 69
270 58
296 59
368 122
172 94
249 84
354 77
205 25
126 67
507 125
316 104
149 75
188 110
397 3
148 21
474 104
418 118
305 104
226 74
168 34
118 15
348 34
315 88
412 42
295 57
417 23
226 100
338 55
314 30
179 96
328 79
325 13
373 106
436 118
280 88
487 92
510 14
359 67
365 57
243 3
154 21
249 20
203 125
283 75
299 6
469 79
92 115
349 26
400 82
42 17
366 41
55 17
340 108
166 30
161 66
343 25
45 60
185 80
155 121
255 84
419 71
58 84
494 0
